Nodal Displacements: 
 Node            Coords            u1       u2       u3 
  1   0.0000  -1.0000   0.0000   0.0000   0.0000  -0.0000 
  2   1.0000  -1.0000   0.0000   0.0443  -0.0036  -0.0257 
  3   2.0000  -1.0000   0.0000   0.0886  -0.0073  -0.0515 
  4   3.0000  -1.0000   0.0000   0.1328  -0.0109  -0.0772 
  5   0.0000   0.0000   0.0000   0.0000  -0.0175   0.0154 
  6   1.0000   0.0000   0.0000   0.0443  -0.0212  -0.0103 
  7   2.0000   0.0000   0.0000   0.0886  -0.0248  -0.0360 
  8   3.0000   0.0000   0.0000   0.1328  -0.0284  -0.0618 
  9   0.0000   1.0000   0.0000  -0.0000  -0.0350   0.0309 
 10   1.0000   1.0000   0.0000   0.0443  -0.0387   0.0051 
 11   2.0000   1.0000   0.0000   0.0886  -0.0423  -0.0206 
 12   3.0000   1.0000   0.0000   0.1328  -0.0460  -0.0463 
 13   0.0000  -1.0000   1.0000  -0.0000   0.0000  -0.0048 
 14   1.0000  -1.0000   1.0000   0.0443  -0.0036  -0.0305 
 15   2.0000  -1.0000   1.0000   0.0886  -0.0073  -0.0562 
 16   3.0000  -1.0000   1.0000   0.1328  -0.0109  -0.0820 
 17   0.0000   0.0000   1.0000  -0.0000  -0.0175   0.0107 
 18   1.0000   0.0000   1.0000   0.0443  -0.0212  -0.0151 
 19   2.0000   0.0000   1.0000   0.0886  -0.0248  -0.0408 
 20   3.0000   0.0000   1.0000   0.1328  -0.0284  -0.0665 
 21   0.0000   1.0000   1.0000  -0.0000  -0.0350   0.0261 
 22   1.0000   1.0000   1.0000   0.0443  -0.0387   0.0004 
 23   2.0000   1.0000   1.0000   0.0886  -0.0423  -0.0254 
 24   3.0000   1.0000   1.0000   0.1328  -0.0460  -0.0511 


 Strains and Stresses 
 
 Element; 1 
 int pt         Coords            e_11      e_22     e_33      e_12       e_13      e_23      s_11      s_22      s_33      s_12      s_13      s_23 
    1  0.2113 -0.7887  0.2113    0.0443   -0.0175   -0.0048   -0.0018   -0.0129    0.0077    1.0000   -0.0000   -0.0000    0.0000   -0.0000    0.0000 
    2  0.7887 -0.7887  0.2113    0.0443   -0.0175   -0.0048   -0.0018   -0.0129    0.0077    1.0000   -0.0000   -0.0000   -0.0000   -0.0000    0.0000 
    3  0.2113 -0.2113  0.2113    0.0443   -0.0175   -0.0048   -0.0018   -0.0129    0.0077    1.0000   -0.0000   -0.0000    0.0000   -0.0000   -0.0000 
    4  0.7887 -0.2113  0.2113    0.0443   -0.0175   -0.0048   -0.0018   -0.0129    0.0077    1.0000   -0.0000   -0.0000   -0.0000   -0.0000   -0.0000 
    5  0.2113 -0.7887  0.7887    0.0443   -0.0175   -0.0048   -0.0018   -0.0129    0.0077    1.0000   -0.0000   -0.0000   -0.0000   -0.0000    0.0000 
    6  0.7887 -0.7887  0.7887    0.0443   -0.0175   -0.0048   -0.0018   -0.0129    0.0077    1.0000   -0.0000   -0.0000   -0.0000    0.0000    0.0000 
    7  0.2113 -0.2113  0.7887    0.0443   -0.0175   -0.0048   -0.0018   -0.0129    0.0077    1.0000   -0.0000    0.0000   -0.0000   -0.0000   -0.0000 
    8  0.7887 -0.2113  0.7887    0.0443   -0.0175   -0.0048   -0.0018   -0.0129    0.0077    1.0000   -0.0000    0.0000   -0.0000    0.0000   -0.0000 
 
 Element; 2 
 int pt         Coords            e_11      e_22     e_33      e_12       e_13      e_23      s_11      s_22      s_33      s_12      s_13      s_23 
    1  1.2113 -0.7887  0.2113    0.0443   -0.0175   -0.0048   -0.0018   -0.0129    0.0077    1.0000    0.0000   -0.0000    0.0000   -0.0000    0.0000 
    2  1.7887 -0.7887  0.2113    0.0443   -0.0175   -0.0048   -0.0018   -0.0129    0.0077    1.0000   -0.0000   -0.0000    0.0000   -0.0000    0.0000 
    3  1.2113 -0.2113  0.2113    0.0443   -0.0175   -0.0048   -0.0018   -0.0129    0.0077    1.0000    0.0000   -0.0000   -0.0000   -0.0000    0.0000 
    4  1.7887 -0.2113  0.2113    0.0443   -0.0175   -0.0048   -0.0018   -0.0129    0.0077    1.0000   -0.0000   -0.0000   -0.0000   -0.0000    0.0000 
    5  1.2113 -0.7887  0.7887    0.0443   -0.0175   -0.0048   -0.0018   -0.0129    0.0077    1.0000    0.0000    0.0000   -0.0000   -0.0000    0.0000 
    6  1.7887 -0.7887  0.7887    0.0443   -0.0175   -0.0048   -0.0018   -0.0129    0.0077    1.0000    0.0000    0.0000   -0.0000   -0.0000    0.0000 
    7  1.2113 -0.2113  0.7887    0.0443   -0.0175   -0.0048   -0.0018   -0.0129    0.0077    1.0000    0.0000    0.0000   -0.0000   -0.0000   -0.0000 
    8  1.7887 -0.2113  0.7887    0.0443   -0.0175   -0.0048   -0.0018   -0.0129    0.0077    1.0000    0.0000    0.0000   -0.0000    0.0000    0.0000 
 
 Element; 3 
 int pt         Coords            e_11      e_22     e_33      e_12       e_13      e_23      s_11      s_22      s_33      s_12      s_13      s_23 
    1  2.2113 -0.7887  0.2113    0.0443   -0.0175   -0.0048   -0.0018   -0.0129    0.0077    1.0000   -0.0000   -0.0000    0.0000   -0.0000    0.0000 
    2  2.7887 -0.7887  0.2113    0.0443   -0.0175   -0.0048   -0.0018   -0.0129    0.0077    1.0000   -0.0000   -0.0000    0.0000   -0.0000   -0.0000 
    3  2.2113 -0.2113  0.2113    0.0443   -0.0175   -0.0048   -0.0018   -0.0129    0.0077    1.0000    0.0000   -0.0000    0.0000   -0.0000    0.0000 
    4  2.7887 -0.2113  0.2113    0.0443   -0.0175   -0.0048   -0.0018   -0.0129    0.0077    1.0000   -0.0000   -0.0000   -0.0000    0.0000    0.0000 
    5  2.2113 -0.7887  0.7887    0.0443   -0.0175   -0.0048   -0.0018   -0.0129    0.0077    1.0000    0.0000   -0.0000   -0.0000   -0.0000    0.0000 
    6  2.7887 -0.7887  0.7887    0.0443   -0.0175   -0.0048   -0.0018   -0.0129    0.0077    1.0000    0.0000   -0.0000   -0.0000    0.0000    0.0000 
    7  2.2113 -0.2113  0.7887    0.0443   -0.0175   -0.0048   -0.0018   -0.0129    0.0077    1.0000    0.0000   -0.0000    0.0000   -0.0000    0.0000 
    8  2.7887 -0.2113  0.7887    0.0443   -0.0175   -0.0048   -0.0018   -0.0129    0.0077    1.0000    0.0000   -0.0000   -0.0000   -0.0000    0.0000 
 
 Element; 4 
 int pt         Coords            e_11      e_22     e_33      e_12       e_13      e_23      s_11      s_22      s_33      s_12      s_13      s_23 
    1  0.2113  0.2113  0.2113    0.0443   -0.0175   -0.0048   -0.0018   -0.0129    0.0077    1.0000   -0.0000    0.0000   -0.0000   -0.0000    0.0000 
    2  0.7887  0.2113  0.2113    0.0443   -0.0175   -0.0048   -0.0018   -0.0129    0.0077    1.0000   -0.0000   -0.0000   -0.0000    0.0000    0.0000 
    3  0.2113  0.7887  0.2113    0.0443   -0.0175   -0.0048   -0.0018   -0.0129    0.0077    1.0000   -0.0000    0.0000   -0.0000   -0.0000    0.0000 
    4  0.7887  0.7887  0.2113    0.0443   -0.0175   -0.0048   -0.0018   -0.0129    0.0077    1.0000   -0.0000   -0.0000    0.0000    0.0000   -0.0000 
    5  0.2113  0.2113  0.7887    0.0443   -0.0175   -0.0048   -0.0018   -0.0129    0.0077    1.0000   -0.0000    0.0000   -0.0000   -0.0000    0.0000 
    6  0.7887  0.2113  0.7887    0.0443   -0.0175   -0.0048   -0.0018   -0.0129    0.0077    1.0000   -0.0000    0.0000   -0.0000    0.0000   -0.0000 
    7  0.2113  0.7887  0.7887    0.0443   -0.0175   -0.0048   -0.0018   -0.0129    0.0077    1.0000   -0.0000    0.0000    0.0000   -0.0000   -0.0000 
    8  0.7887  0.7887  0.7887    0.0443   -0.0175   -0.0048   -0.0018   -0.0129    0.0077    1.0000   -0.0000    0.0000    0.0000    0.0000   -0.0000 
 
 Element; 5 
 int pt         Coords            e_11      e_22     e_33      e_12       e_13      e_23      s_11      s_22      s_33      s_12      s_13      s_23 
    1  1.2113  0.2113  0.2113    0.0443   -0.0175   -0.0048   -0.0018   -0.0129    0.0077    1.0000    0.0000   -0.0000   -0.0000   -0.0000    0.0000 
    2  1.7887  0.2113  0.2113    0.0443   -0.0175   -0.0048   -0.0018   -0.0129    0.0077    1.0000   -0.0000   -0.0000   -0.0000    0.0000    0.0000 
    3  1.2113  0.7887  0.2113    0.0443   -0.0175   -0.0048   -0.0018   -0.0129    0.0077    1.0000    0.0000   -0.0000   -0.0000   -0.0000    0.0000 
    4  1.7887  0.7887  0.2113    0.0443   -0.0175   -0.0048   -0.0018   -0.0129    0.0077    1.0000   -0.0000   -0.0000   -0.0000    0.0000    0.0000 
    5  1.2113  0.2113  0.7887    0.0443   -0.0175   -0.0048   -0.0018   -0.0129    0.0077    1.0000   -0.0000    0.0000   -0.0000   -0.0000   -0.0000 
    6  1.7887  0.2113  0.7887    0.0443   -0.0175   -0.0048   -0.0018   -0.0129    0.0077    1.0000    0.0000    0.0000   -0.0000    0.0000   -0.0000 
    7  1.2113  0.7887  0.7887    0.0443   -0.0175   -0.0048   -0.0018   -0.0129    0.0077    1.0000   -0.0000    0.0000   -0.0000   -0.0000   -0.0000 
    8  1.7887  0.7887  0.7887    0.0443   -0.0175   -0.0048   -0.0018   -0.0129    0.0077    1.0000   -0.0000    0.0000   -0.0000    0.0000   -0.0000 
 
 Element; 6 
 int pt         Coords            e_11      e_22     e_33      e_12       e_13      e_23      s_11      s_22      s_33      s_12      s_13      s_23 
    1  2.2113  0.2113  0.2113    0.0443   -0.0175   -0.0048   -0.0018   -0.0129    0.0077    1.0000   -0.0000   -0.0000   -0.0000   -0.0000   -0.0000 
    2  2.7887  0.2113  0.2113    0.0443   -0.0175   -0.0048   -0.0018   -0.0129    0.0077    1.0000    0.0000   -0.0000   -0.0000   -0.0000    0.0000 
    3  2.2113  0.7887  0.2113    0.0443   -0.0175   -0.0048   -0.0018   -0.0129    0.0077    1.0000    0.0000    0.0000   -0.0000   -0.0000   -0.0000 
    4  2.7887  0.7887  0.2113    0.0443   -0.0175   -0.0048   -0.0018   -0.0129    0.0077    1.0000    0.0000   -0.0000   -0.0000   -0.0000   -0.0000 
    5  2.2113  0.2113  0.7887    0.0443   -0.0175   -0.0048   -0.0018   -0.0129    0.0077    1.0000    0.0000   -0.0000   -0.0000   -0.0000   -0.0000 
    6  2.7887  0.2113  0.7887    0.0443   -0.0175   -0.0048   -0.0018   -0.0129    0.0077    1.0000   -0.0000   -0.0000   -0.0000    0.0000    0.0000 
    7  2.2113  0.7887  0.7887    0.0443   -0.0175   -0.0048   -0.0018   -0.0129    0.0077    1.0000   -0.0000    0.0000   -0.0000   -0.0000   -0.0000 
    8  2.7887  0.7887  0.7887    0.0443   -0.0175   -0.0048   -0.0018   -0.0129    0.0077    1.0000   -0.0000   -0.0000   -0.0000   -0.0000    0.0000 
